lastAccountName: evalue
timestamps:
  login: 1574685429529
  logout: 1574692518869
ipAddress: 110.9.127.212
logoutlocation:
  world: world
  x: 7.299999974668026
  y: 92.0000002
  z: 22.299999974668026
  yaw: 341.10037
  pitch: 13.650001
money: '601.80'
lastlocation:
  world: world
  x: 19.33903955991731
  y: 97.0
  z: 36.20339307745239
  yaw: -94.50009
  pitch: 20.399954
