lastAccountName: 김건우
timestamps:
  login: 1574685455727
  logout: 1574690887622
ipAddress: 124.49.117.43
lastlocation:
  world: world
  x: 22.891478280138866
  y: 89.0
  z: 44.70600042961185
  yaw: -238.50488
  pitch: -24.599873
afk: false
logoutlocation:
  world: world
  x: 22.891478280138866
  y: 89.0
  z: 44.70600042961185
  yaw: -238.50488
  pitch: -24.599873
