lastAccountName: choico
timestamps:
  login: 1574145435579
  logout: 1574145304011
ipAddress: 180.71.101.81
lastlocation:
  world: world
  x: -156.35782451927494
  y: 72.0
  z: -141.2741574356579
  yaw: 65.28295
  pitch: 1.6357174
logoutlocation:
  world: world
  x: -185.5184731482982
  y: 73.0
  z: -151.26879021215578
  yaw: 7.847046
  pitch: 18.148851
