lastAccountName: evalue
timestamps:
  login: 1574147874246
  logout: 1574147870632
ipAddress: 110.9.127.212
logoutlocation:
  world: world
  x: -162.03395024027716
  y: 74.5
  z: -148.30000001192093
  yaw: 261.2865
  pitch: 58.349983
